 Pt           R                 X                Y               E
  7       4.91292590      46.91563440      12.54907318       0.18304948 
  5       3.68120700      35.02152990       6.12149911       0.54831806 
  4       3.66841450      27.75291049      34.89254495       0.72210192 
  6       4.12177150      27.75291049      49.89021778       0.38048965 
  2       2.89589180       7.92940300      40.70796911       1.10750419 
  2       3.02835400      53.52347023      38.87151937       1.09970170 
  6       4.12177150      60.79208965      16.52804761       0.38048965 
  8       4.22280370      94.49205238       6.42757407       0.01222103 
  8       4.40447030      84.58029864       6.42757407       0.01320434 
  7       4.91292590     105.06458971      29.38319575       0.18304948 
  8       4.58831570     107.70772405      38.56544442       0.00707852 
  7       4.49813300      72.02541056      26.01637123       0.18630240 
  7       4.24008530      48.23720157       2.14252469       0.18249841 
  4       3.64339340      19.82350749       4.59112434       0.73153563 
  4       3.64339340       9.25097016      21.11917194       0.73153563 
  8       4.58831570      52.20190306      25.40422132       0.00707852 
  7       4.24008530      86.56264939      16.83412256       0.18249841 
  8       4.62297070       0.00000000       6.42757407       0.00000000 
  7       4.49813300      70.70384339      15.60982274       0.18630240 
  8       4.40447030     109.69007479       3.97897442       0.01320434 
  2       3.02835400      27.09212691       4.89719929       1.09970170 
  8       4.58831570      37.00388065      39.17759433       0.00707852 
  2       2.89589180      97.13518672      24.79207141       1.10750419 
  6       4.23008660      87.22343297      43.15656875       0.37585195 
  2       3.00569040     105.06458971      46.21731831       1.10494276 
  3       2.98515040      46.25485082      32.75002026       0.91199504 
  7       4.18914480       7.26861941      13.46729805       0.19132231 
  2       2.89589180      33.03917915      20.50702203       1.10750419 
  5       3.68120700      56.16660456      50.80844265       0.54831806 
  3       2.82758590      95.81361955      16.52804761       0.91510903 
  2       3.00569040      18.50194033      35.81076982       1.10494276 
  3       3.00402900      62.11365681       6.42757407       0.90056183 
  2       3.02835400      75.32932847       0.30607496       1.09970170 
  2       3.00569040      87.88421655      50.80844265       1.10494276 
  3       2.82758590      18.50194033      14.69159787       0.91510903 
  2       2.97661120      99.11753746      51.42059256       1.10750419 
  2       3.02186050      81.27638072      38.87151937       1.09778751 
  3       2.82758590      98.45675388      44.99301849       0.91510903 
  4       3.66841450       7.92940300       1.53037478       0.72210192 
  3       3.00402900      70.04305981      43.15656875       0.90056183 
  2       2.89589180      55.50582098      10.71262345       1.10750419 
  6       4.23008660      21.80585824      27.24067106       0.37585195 
  7       4.91292590      97.13518672      35.19861991       0.18304948 
  3       3.00402900      11.89410450      47.44161813       0.90056183 
  2       3.00569040      13.87645525       9.79439858       1.10494276 
  6       3.96246530      61.45287323      40.70796911       0.37906140 
  2       2.89589180      44.93328365      42.54441884       1.10750419 
  2       3.00569040      86.56264939      35.19861991       1.10494276 
  2       3.02186050       1.32156717      36.42291973       1.09778751 
  7       4.92185880     103.74302255      12.24299823       0.19230703 
  2       3.02835400       7.92940300      34.58646999       1.09970170 
  3       3.00402900      68.06070906      36.11684477       0.90056183 
  4       3.00760240     100.43910463       1.83644973       0.73571588 
  2       3.00569040      20.48429108      46.52339327       1.10494276 
  4       3.21905940     103.08223896      21.11917194       0.73305648 
  4       3.09045000      79.95481356      49.89021778       0.73606268 
  2       2.89589180       2.64313433      28.46497088       1.10750419 
  6       4.18838730     111.67242554      22.64954672       0.37773049 
  2       3.00569040       1.32156717      21.42524690       1.10494276 
  8       4.40447030      35.02152990      29.07712079       0.01320434 
  4       3.06230590      15.85880599      42.54441884       0.72929952 
  3       2.98515040      68.06070906       7.95794885       0.91199504 
  4       3.09045000      58.80973890       1.22429982       0.73606268 
  2       2.97661120      50.88033590      46.52339327       1.10750419 
  2       3.02186050      34.36074632      13.16122310       1.09778751 
  4       3.06230590      75.32932847       8.87617372       0.72929952 
  6       4.23008660      38.32544782      51.72666751       0.37585195 
  4       3.00760240      91.18813447      24.17992150       0.73571588 
  4       3.64339340       3.96470150      50.50236769       0.73153563 
  7       4.78649100      41.62936574      22.34347177       0.18388096 
  2       2.89589180      61.45287323      26.93459610       1.10750419 
  2       2.89589180      69.38227623       0.91822487       1.10750419 
  7       4.18914480      68.06070906      50.80844265       0.19132231 
  8       4.40447030      25.77055974      17.44627247       0.01320434 
  4       3.00760240      38.32544782       0.00000000       0.73571588 
  6       4.23008660      81.27638072      26.93459610       0.37585195 
  4       3.06230590      56.16660456      33.36217017       0.72929952 
  4       3.64339340     111.67242554      48.66591796       0.73153563 
  2       3.02186050      13.21567166      26.62852115       1.09778751 
  4       3.00760240       0.66078358      44.38086858       0.73571588 
  4       3.21905940      78.63324639      18.97664725       0.73305648 
  2       3.00569040      27.75291049      42.54441884       1.10494276 
  5       3.77486430      74.66854489      34.28039504       0.54175170 
  2       2.97661120      65.41757473      22.34347177       1.10750419 
  2       2.97661120      89.86656730       0.30607496       1.10750419 
  2       2.89589180      45.59406723      51.11451760       1.10750419 
  4       3.09045000      53.52347023      17.75234743       0.73606268 
  3       3.00402900     111.67242554      12.24299823       0.90056183 
  4       3.09045000      76.65089564      43.15656875       0.73606268 
  2       2.97661120      16.51958958      51.72666751       1.10750419 
  2       3.00569040       0.00000000      14.07944796       1.10494276 
  2       2.89589180      62.77444039      33.05609522       1.10750419 
  2       3.00569040      31.05682841       0.00000000       1.10494276 
  2       3.00569040      16.51958958      21.42524690       1.10494276 
  3       2.82758590      23.12742541      10.71262345       0.91510903 
  3       2.82758590      14.53723883       0.00000000       0.91510903 
  3       2.82758590      41.62936574       5.20327425       0.91510903 
  3       2.82758590      90.52735088      30.60749557       0.91510903 
  2       2.89589180      93.17048522      48.05376804       1.10750419 
  3       3.00402900      79.95481356      12.85514814       0.90056183 
